<?xml version="1.0" encoding="UTF-8" standalone="no" ?>
<SimscapeMultibodyImportXML version="2.0" xmlns="urn:mathworks:SimscapeMultibody:import" xmlns:xsi="http://www.w3.org/2001/XMLSchema-instance">
<Created by="" on="06/11/22||11:21:59" using="Simscape Multibody Link Version 6.0" from="SolidWorks 29.3.0"/>
<ModelUnits mass="kilogram" length="meter"/>
<DataUnits mass="kilogram" length="meter"/>
<RootAssembly name="ROBOT" uid="ROBOT" version="241">
<AssemblyFile name="ROBOT.SLDASM" type="SolidWorks Assembly"/>
<InstanceTree>
<Instance name="link5_test1-1" uid="link5_test1-1" entityUid="link5_test1*:*Default">
<Transform>
<Rotation>0.99508920357217301 -0.003508787258317091 0.098919994672836783 0.0051008775828434794 0.99986142650597842 -0.015846413894463968 -0.098850685288383436 0.016273174165038842 0.99496920847864001</Rotation>
<Translation>0.35112861797224854 -0.018023533254996338 0.70751964349136243</Translation>
</Transform>
<VisualProperties>
<Ambient r="0.792156862745098" g="0.81960784313725488" b="0.93333333333333335" a="1"/>
<Diffuse r="0.792156862745098" g="0.81960784313725488" b="0.93333333333333335" a="1"/>
<Specular r="0.396078431372549" g="0.40980392156862744" b="0.46666666666666667" a="1"/>
<Emissive r="0" g="0" b="0" a="1"/>
<Shininess>0.3125</Shininess>
</VisualProperties>
</Instance>
<Instance name="link3-1" uid="link3-1" entityUid="link3*:*Default">
<Transform>
<Rotation>-0.99897715269110998 0.0027739551354354496 -0.045132622060647512 -0.0027711284645878819 -0.99999615257905194 -0.00012519635042409339 -0.045132795705511153 -2.3196107974075194e-16 0.99898099619152136</Rotation>
<Translation>0.060289703154285265 0.049167430099475204 0.60460636941013512</Translation>
</Transform>
</Instance>
<Instance name="link2-1" uid="link2-1" entityUid="link2*:*Default">
<Transform>
<Rotation>0.99853825708067023 -0.002777693853879186 -0.053978084100415193 0.0027735266875456308 0.99999614219861277 -0.00015211050329557756 0.0539782983800976 2.1785000493455586e-06 0.99854210892643058</Rotation>
<Translation>0.074848530888547704 0.054707836950717202 0.33499999999999969</Translation>
</Transform>
</Instance>
<Instance name="base-4" uid="base-4" grounded="true" entityUid="base*:*Default">
<Transform>
<Rotation>1 0 0 0 1 0 0 0 1</Rotation>
<Translation>0 0 0</Translation>
</Transform>
</Instance>
<Instance name="link4-1" uid="link4-1" entityUid="link4*:*Default">
<Transform>
<Rotation>-0.99897715269110998 0.003508787258309976 -0.045081446440177322 -0.0027711284645878867 -0.99986142650597842 -0.016414890571146767 -0.045132795705511167 -0.016273174165045218 0.99884844423686181</Rotation>
<Translation>0.14427368040728095 0.00040021025644758519 0.69848634508945739</Translation>
</Transform>
</Instance>
<Instance name="link5_test2-2" uid="link5_test2-2" entityUid="link5_test2*:*Default">
<Transform>
<Rotation>0.99508920357217268 0.00034223160305454724 0.098981613502859556 0.0051008775828505987 0.99848800693110895 -0.054732815226579558 -0.098850685288390222 0.05496892660651103 0.99358288991193067</Rotation>
<Translation>0.4306089847627419 0.0014151383192285922 0.69931746639582615</Translation>
</Transform>
</Instance>
<Instance name="link1-1" uid="link1-1" entityUid="link1*:*Default">
<Transform>
<Rotation>0.99999615257905217 -0.0027739551354282583 0 0.0027739551354282583 0.99999615257905217 0 0 0 1</Rotation>
<Translation>0 6.4291202655282108e-16 0.185</Translation>
</Transform>
</Instance>
</InstanceTree>
<Constraints>
<Coincident name="Coincident13">
<ConstraintGeometry geomType="circle">
<InstancePath>
<Uid>base-4</Uid>
</InstancePath>
<Position>0 6.4414769084657944e-16 0.185</Position>
<Axis>0 3.4914813388431334e-15 1</Axis>
</ConstraintGeometry>
<ConstraintGeometry geomType="circle">
<InstancePath>
<Uid>link1-1</Uid>
</InstancePath>
<Position>0 0 0</Position>
<Axis>0 -3.4914813388431061e-15 -1</Axis>
</ConstraintGeometry>
</Coincident>
<Coincident name="Coincident14">
<ConstraintGeometry geomType="circle">
<InstancePath>
<Uid>link1-1</Uid>
</InstancePath>
<Position>0.074999999999999664 0.054500000000001061 0.14999999999999974</Position>
<Axis>-6.983129352544637e-15 1 -3.4914813388431614e-15</Axis>
</ConstraintGeometry>
<ConstraintGeometry geomType="circle">
<InstancePath>
<Uid>link2-1</Uid>
</InstancePath>
<Position>0 0 0</Position>
<Axis>-3.6156905268274192e-06 -0.99999999999063804 2.3771345064003617e-06</Axis>
</ConstraintGeometry>
</Coincident>
<Coincident name="Coincident16">
<ConstraintGeometry geomType="circle">
<InstancePath>
<Uid>link3-1</Uid>
</InstancePath>
<Position>-0.087999999999999995 0.04899999999999969 0.090000000000000191</Position>
<Axis>-1 0 0</Axis>
</ConstraintGeometry>
<ConstraintGeometry geomType="circle">
<InstancePath>
<Uid>link4-1</Uid>
</InstancePath>
<Position>0 0 0</Position>
<Axis>1 0 0</Axis>
</ConstraintGeometry>
</Coincident>
<Concentric name="Concentric4">
<ConstraintGeometry geomType="cylinder">
<InstancePath>
<Uid>link2-1</Uid>
</InstancePath>
<Position>-1.9883974800016802e-08 -0.0054993581736465444 0.27000001307271337</Position>
<Axis>3.6156904632278902e-06 0.99999999999063816 -2.3771344743868831e-06</Axis>
</ConstraintGeometry>
<ConstraintGeometry geomType="cylinder">
<InstancePath>
<Uid>link3-1</Uid>
</InstancePath>
<Position>0 0 0</Position>
<Axis>0 -1.0000000000000002 -3.4914672217524289e-15</Axis>
</ConstraintGeometry>
</Concentric>
<Coincident name="Coincident27">
<ConstraintGeometry geomType="plane">
<InstancePath>
<Uid>link2-1</Uid>
</InstancePath>
<Position>-1.9883974800016802e-08 -0.0054993581736465444 0.27000001307271337</Position>
<Axis>-3.6156904632274565e-06 -0.99999999999063804 2.3771344743868836e-06</Axis>
</ConstraintGeometry>
<ConstraintGeometry geomType="plane">
<InstancePath>
<Uid>link3-1</Uid>
</InstancePath>
<Position>0 0 0</Position>
<Axis>0 -1.0000000000000002 -3.4914672217524289e-15</Axis>
</ConstraintGeometry>
</Coincident>
<Coincident name="Coincident28">
<ConstraintGeometry geomType="circle">
<InstancePath>
<Uid>link4-1</Uid>
</InstancePath>
<Position>-0.20699999999999996 0.039000000000000007 1.1102230246251565e-16</Position>
<Axis>0 -1.0000000000000002 -3.4451608232899389e-15</Axis>
</ConstraintGeometry>
<ConstraintGeometry geomType="circle">
<InstancePath>
<Uid>link5_test1-1</Uid>
</InstancePath>
<Position>0 -0.01999999999999999 -1.1102230246251565e-16</Position>
<Axis>-6.9826956716756428e-15 -0.99999999999999989 -3.4972025275692431e-15</Axis>
</ConstraintGeometry>
</Coincident>
<Concentric name="Concentric5">
<ConstraintGeometry geomType="cylinder">
<InstancePath>
<Uid>link5_test1-1</Uid>
</InstancePath>
<Position>0.041999999999999871 0.019000000000000287 -1.1102230246251565e-16</Position>
<Axis>1 6.9820451503721515e-15 0</Axis>
</ConstraintGeometry>
<ConstraintGeometry geomType="cylinder">
<InstancePath>
<Uid>link5_test2-2</Uid>
</InstancePath>
<Position>-0.038000000000000034 0 0.00060720910930200933</Position>
<Axis>0.99999999999999989 0 7.0082828429463007e-15</Axis>
</ConstraintGeometry>
</Concentric>
<Coincident name="Coincident30">
<ConstraintGeometry geomType="plane">
<InstancePath>
<Uid>link5_test1-1</Uid>
</InstancePath>
<Position>0.052000000000000046 -0.0077255430630798969 0.010257219466110357</Position>
<Axis>1 6.9820451503721515e-15 0</Axis>
</ConstraintGeometry>
<ConstraintGeometry geomType="plane">
<InstancePath>
<Uid>link5_test2-2</Uid>
</InstancePath>
<Position>-0.027999999999999914 0.032549999999999975 -0.03194279089069807</Position>
<Axis>-0.99999999999999989 0 -7.0082828429463007e-15</Axis>
</ConstraintGeometry>
</Coincident>
</Constraints>
<Frames>
</Frames>
</RootAssembly>
<Assemblies>
</Assemblies>
<Parts>
<Part name="base" uid="base*:*Default" version="112">
<ModelUnits mass="kilogram" length="meter"/>
<PartFile name="base.SLDPRT" type="SolidWorks Part"/>
<MassProperties>
<Mass>7.2407141811379407</Mass>
<CenterOfMass>-0.015556787020653983 0.00027092960224241853 0.099999207301332077</CenterOfMass>
<Inertia>0.041289532954627124 0.054999706146764402 0.049005916029427964 1.7360363962515433e-05 -0.0031902700721649232 0.00036986050080527969</Inertia>
</MassProperties>
<GeometryFile name="base_Default_sldprt.STEP" type="STEP"/>
<VisualProperties>
<Ambient r="0.792156862745098" g="0.81960784313725488" b="0.93333333333333335" a="1"/>
<Diffuse r="0.792156862745098" g="0.81960784313725488" b="0.93333333333333335" a="1"/>
<Specular r="0.396078431372549" g="0.40980392156862744" b="0.46666666666666667" a="1"/>
<Emissive r="0" g="0" b="0" a="1"/>
<Shininess>0.3125</Shininess>
</VisualProperties>
<Frames>
</Frames>
</Part>
<Part name="link1" uid="link1*:*Default" version="122">
<ModelUnits mass="kilogram" length="meter"/>
<PartFile name="link1.SLDPRT" type="SolidWorks Part"/>
<MassProperties>
<Mass>5.6511011814727796</Mass>
<CenterOfMass>0.037339734029646715 -0.0075874560441219589 0.1064458458827654</CenterOfMass>
<Inertia>0.031974799393116232 0.03644385228457634 0.033404286430371459 0.0017782212807959307 -0.0093432240164906116 0.0016579630847258094</Inertia>
</MassProperties>
<GeometryFile name="link1_Default_sldprt.STEP" type="STEP"/>
<VisualProperties>
<Ambient r="0.792156862745098" g="0.81960784313725488" b="0.93333333333333335" a="1"/>
<Diffuse r="0.792156862745098" g="0.81960784313725488" b="0.93333333333333335" a="1"/>
<Specular r="0.396078431372549" g="0.40980392156862744" b="0.46666666666666667" a="1"/>
<Emissive r="0" g="0" b="0" a="1"/>
<Shininess>0.3125</Shininess>
</VisualProperties>
<Frames>
</Frames>
</Part>
<Part name="link2" uid="link2*:*Default" version="177">
<ModelUnits mass="kilogram" length="meter"/>
<PartFile name="link2.SLDPRT" type="SolidWorks Part"/>
<MassProperties>
<Mass>4.6061178001444967</Mass>
<CenterOfMass>0.0061934099309236519 0.061342191484034435 0.11462027843415562</CenterOfMass>
<Inertia>0.06458874179544144 0.068287911031311349 0.009940225771705823 0.0019653689775271954 -0.00068175540922911948 -0.00018479536372654429</Inertia>
</MassProperties>
<GeometryFile name="link2_Default_sldprt.STEP" type="STEP"/>
<VisualProperties>
<Ambient r="0.792156862745098" g="0.81960784313725488" b="0.93333333333333335" a="1"/>
<Diffuse r="0.792156862745098" g="0.81960784313725488" b="0.93333333333333335" a="1"/>
<Specular r="0.396078431372549" g="0.40980392156862744" b="0.46666666666666667" a="1"/>
<Emissive r="0" g="0" b="0" a="1"/>
<Shininess>0.3125</Shininess>
</VisualProperties>
<Frames>
</Frames>
</Part>
<Part name="link3" uid="link3*:*Default" version="185">
<ModelUnits mass="kilogram" length="meter"/>
<PartFile name="link3.SLDPRT" type="SolidWorks Part"/>
<MassProperties>
<Mass>4.2963298288945078</Mass>
<CenterOfMass>-0.0054571454195448078 0.056131195374240127 0.045248116960041718</CenterOfMass>
<Inertia>0.019722628626183032 0.024046031617987206 0.017303403026771635 0.00062683035348008883 0.00064011593246519145 -8.5589348123993266e-05</Inertia>
</MassProperties>
<GeometryFile name="link3_Default_sldprt.STEP" type="STEP"/>
<VisualProperties>
<Ambient r="0.792156862745098" g="0.81960784313725488" b="0.93333333333333335" a="1"/>
<Diffuse r="0.792156862745098" g="0.81960784313725488" b="0.93333333333333335" a="1"/>
<Specular r="0.396078431372549" g="0.40980392156862744" b="0.46666666666666667" a="1"/>
<Emissive r="0" g="0" b="0" a="1"/>
<Shininess>0.3125</Shininess>
</VisualProperties>
<Frames>
</Frames>
</Part>
<Part name="link4" uid="link4*:*Default" version="152">
<ModelUnits mass="kilogram" length="meter"/>
<PartFile name="link4.SLDPRT" type="SolidWorks Part"/>
<MassProperties>
<Mass>1.9009273554651958</Mass>
<CenterOfMass>-0.10602174557165971 0.0049943082763074997 0.00062917511488802893</CenterOfMass>
<Inertia>0.0036976050853840341 0.00796825244038212 0.0088235327605015613 -4.2727592014253364e-06 -4.0637692199850814e-05 0.00020389930752880486</Inertia>
</MassProperties>
<GeometryFile name="link4_Default_sldprt.STEP" type="STEP"/>
<VisualProperties>
<Ambient r="0.792156862745098" g="0.81960784313725488" b="0.93333333333333335" a="1"/>
<Diffuse r="0.792156862745098" g="0.81960784313725488" b="0.93333333333333335" a="1"/>
<Specular r="0.396078431372549" g="0.40980392156862744" b="0.46666666666666667" a="1"/>
<Emissive r="0" g="0" b="0" a="1"/>
<Shininess>0.3125</Shininess>
</VisualProperties>
<Frames>
</Frames>
</Part>
<Part name="link5_test1" uid="link5_test1*:*Default" version="211">
<ModelUnits mass="kilogram" length="meter"/>
<PartFile name="link5_test1.SLDPRT" type="SolidWorks Part"/>
<MassProperties>
<Mass>0.35378807205284413</Mass>
<CenterOfMass>0.0059629644552894783 0.018320159489625672 1.9408442698377139e-08</CenterOfMass>
<Inertia>0.00024036148556335208 0.00034346407741223182 0.00030538852181740783 -1.033647863293327e-10 -2.1330521651618471e-10 -1.4355305357769066e-06</Inertia>
</MassProperties>
<GeometryFile name="link5_test1_Default_sldprt.STEP" type="STEP"/>
<VisualProperties>
<Ambient r="0.792156862745098" g="0.81960784313725488" b="0.93333333333333335" a="1"/>
<Diffuse r="0.792156862745098" g="0.81960784313725488" b="0.93333333333333335" a="1"/>
<Specular r="0.396078431372549" g="0.40980392156862744" b="0.46666666666666667" a="1"/>
<Emissive r="0" g="0" b="0" a="1"/>
<Shininess>0.3125</Shininess>
</VisualProperties>
<Frames>
</Frames>
</Part>
<Part name="link5_test2" uid="link5_test2*:*Default" version="179">
<ModelUnits mass="kilogram" length="meter"/>
<PartFile name="link5_test2.SLDPRT" type="SolidWorks Part"/>
<MassProperties>
<Mass>0.071676951008452033</Mass>
<CenterOfMass>-0.016801064871078183 5.5345781695555793e-06 0.00059720277492085439</CenterOfMass>
<Inertia>3.418717678330798e-05 2.0638371123969651e-05 2.0712148418657726e-05 1.1299970449381522e-08 3.8210634230934884e-08 2.376281813872477e-09</Inertia>
</MassProperties>
<GeometryFile name="link5_test2_Default_sldprt.STEP" type="STEP"/>
<VisualProperties>
<Ambient r="0.792156862745098" g="0.81960784313725488" b="0.93333333333333335" a="1"/>
<Diffuse r="0.792156862745098" g="0.81960784313725488" b="0.93333333333333335" a="1"/>
<Specular r="0.396078431372549" g="0.40980392156862744" b="0.46666666666666667" a="1"/>
<Emissive r="0" g="0" b="0" a="1"/>
<Shininess>0.3125</Shininess>
</VisualProperties>
<Frames>
</Frames>
</Part>
</Parts>
</SimscapeMultibodyImportXML>
