<?xml version="1.0" encoding="UTF-8" standalone="no" ?>
<SimscapeMultibodyImportXML version="2.0" xmlns="urn:mathworks:SimscapeMultibody:import" xmlns:xsi="http://www.w3.org/2001/XMLSchema-instance">
<Created by="" on="05/04/22||22:01:53" using="Simscape Multibody Link Version 6.0" from="SolidWorks 29.3.0"/>
<ModelUnits mass="kilogram" length="meter"/>
<DataUnits mass="kilogram" length="meter"/>
<RootAssembly name="ROBOT" uid="ROBOT" version="183">
<AssemblyFile name="ROBOT.SLDASM" type="SolidWorks Assembly"/>
<InstanceTree>
<Instance name="base-4" uid="base-4" grounded="true" entityUid="base*:*Default">
<Transform>
<Rotation>1 0 0 0 1 0 0 0 1</Rotation>
<Translation>0 0 0</Translation>
</Transform>
</Instance>
<Instance name="link1-1" uid="link1-1" entityUid="link1*:*Default">
<Transform>
<Rotation>1 0 0 0 1 0 0 0 1</Rotation>
<Translation>0 6.4184768611141862e-16 0.185</Translation>
</Transform>
</Instance>
<Instance name="link3-1" uid="link3-1" entityUid="link3*:*Default">
<Transform>
<Rotation>-0.99744581899667495 6.7335761063798889e-15 0.071427152862569565 -6.7157403557616236e-15 -1 4.8985526730343134e-16 0.071427152862569565 0 0.99744581899667495</Rotation>
<Translation>0.1074712865598208 0.048999999999996775 0.60304032448260003</Translation>
</Transform>
</Instance>
<Instance name="link4-1" uid="link4-1" entityUid="link4*:*Default">
<Transform>
<Rotation>-0.99744581899667473 0.0002015987586671641 -0.071426868361935986 -6.6825614052773422e-15 0.99999601691203088 0.0028224386748512791 0.071427152862569204 0.002815229655605401 -0.99744184608223319</Rotation>
<Translation>0.20167496238915977 -2.2828960943854781e-15 0.68652485874039482</Translation>
</Transform>
</Instance>
<Instance name="link2-1" uid="link2-1" entityUid="link2*:*Default">
<Transform>
<Rotation>0.99274194252549919 -3.3035638821900251e-06 0.12026402429565324 3.6156905333878829e-06 0.99999999999063793 -2.3771345022069264e-06 -0.12026402428667438 2.7947186175182133e-06 0.99274194252814951</Rotation>
<Translation>0.07500000000000917 0.054500000000010401 0.33499999999999786</Translation>
</Transform>
</Instance>
<Instance name="link5_test1-1" uid="link5_test1-1" entityUid="link5_test1*:*Default">
<Transform>
<Rotation>0.99985770926359696 0.00020159875867445319 0.016867737966098244 -0.00015408272028427311 0.99999601691203088 -0.0028182296905411366 -0.016868238932021357 0.0028152296556122579 0.99985375780526953</Rotation>
<Translation>0.40814241654505673 -0.018999924321329489 0.67168594873438647</Translation>
</Transform>
</Instance>
<Instance name="link5_test2-2" uid="link5_test2-2" entityUid="link5_test2*:*Default">
<Transform>
<Rotation>0.99985770926359696 -0.0039221062853894732 0.016406654395046315 -0.00015408272028406703 0.97043131043975528 0.24137739740227263 -0.016868238932019372 -0.24134557961658515 0.97029262272515859</Rotation>
<Translation>0.45993887626132574 -7.9814849112751965e-06 0.67086566332116437</Translation>
</Transform>
</Instance>
</InstanceTree>
<Constraints>
<Coincident name="Coincident13">
<ConstraintGeometry geomType="circle">
<InstancePath>
<Uid>base-4</Uid>
</InstancePath>
<Position>0 6.4414769084657944e-16 0.185</Position>
<Axis>0 3.4914813388431334e-15 1</Axis>
</ConstraintGeometry>
<ConstraintGeometry geomType="circle">
<InstancePath>
<Uid>link1-1</Uid>
</InstancePath>
<Position>0 0 0</Position>
<Axis>0 -3.4914813388431334e-15 -1</Axis>
</ConstraintGeometry>
</Coincident>
<Coincident name="Coincident14">
<ConstraintGeometry geomType="circle">
<InstancePath>
<Uid>link1-1</Uid>
</InstancePath>
<Position>0.074999999999999623 0.054500000000001048 0.14999999999999974</Position>
<Axis>-6.9829626776862667e-15 1 -3.4914813388431334e-15</Axis>
</ConstraintGeometry>
<ConstraintGeometry geomType="circle">
<InstancePath>
<Uid>link2-1</Uid>
</InstancePath>
<Position>0 0 0</Position>
<Axis>-3.6156905268270909e-06 -0.99999999999063793 2.3771345064003608e-06</Axis>
</ConstraintGeometry>
</Coincident>
<Coincident name="Coincident15">
<ConstraintGeometry geomType="circle">
<InstancePath>
<Uid>link2-1</Uid>
</InstancePath>
<Position>-1.9883974827772377e-08 -0.0054993581736465513 0.27000001307271304</Position>
<Axis>-3.6156904631624607e-06 -0.99999999999063793 2.3771344744259407e-06</Axis>
</ConstraintGeometry>
<ConstraintGeometry geomType="circle">
<InstancePath>
<Uid>link3-1</Uid>
</InstancePath>
<Position>0 0 0</Position>
<Axis>0 -1 -3.4914813388431349e-15</Axis>
</ConstraintGeometry>
</Coincident>
<Coincident name="Coincident16">
<ConstraintGeometry geomType="circle">
<InstancePath>
<Uid>link3-1</Uid>
</InstancePath>
<Position>-0.088000000000000023 0.048999999999999697 0.090000000000000191</Position>
<Axis>-1.0000000000000002 0 0</Axis>
</ConstraintGeometry>
<ConstraintGeometry geomType="circle">
<InstancePath>
<Uid>link4-1</Uid>
</InstancePath>
<Position>0 0 0</Position>
<Axis>1 0 0</Axis>
</ConstraintGeometry>
</Coincident>
<Coincident name="Coincident17">
<ConstraintGeometry geomType="circle">
<InstancePath>
<Uid>link4-1</Uid>
</InstancePath>
<Position>-0.20700000000000005 -0.019000000000000003 0</Position>
<Axis>0 1 -3.4915646762723185e-15</Axis>
</ConstraintGeometry>
<ConstraintGeometry geomType="circle">
<InstancePath>
<Uid>link5_test1-1</Uid>
</InstancePath>
<Position>0 0 0</Position>
<Axis>-6.9829599459551861e-15 1 -3.4911309954033243e-15</Axis>
</ConstraintGeometry>
</Coincident>
<Coincident name="Coincident18">
<ConstraintGeometry geomType="circle">
<InstancePath>
<Uid>link5_test1-1</Uid>
</InstancePath>
<Position>0.051799999999999902 0.019000000000000357 0</Position>
<Axis>-1 -6.9829734984823422e-15 0</Axis>
</ConstraintGeometry>
<ConstraintGeometry geomType="circle">
<InstancePath>
<Uid>link5_test2-2</Uid>
</InstancePath>
<Position>0 0 0</Position>
<Axis>1 6.9822619908066486e-15 0</Axis>
</ConstraintGeometry>
</Coincident>
</Constraints>
</RootAssembly>
<Assemblies>
</Assemblies>
<Parts>
<Part name="base" uid="base*:*Default" version="112">
<ModelUnits mass="kilogram" length="meter"/>
<PartFile name="base.SLDPRT" type="SolidWorks Part"/>
<MassProperties>
<Mass>7.2407141811379407</Mass>
<CenterOfMass>-0.015556787020653995 0.00027092960224241836 0.099999207301332077</CenterOfMass>
<Inertia>0.041289532954627124 0.054999706146764415 0.049005916029427991 1.7360363962515294e-05 -0.0031902700721649227 0.0003698605008052798</Inertia>
</MassProperties>
<GeometryFile name="base_Default_sldprt.STEP" type="STEP"/>
<VisualProperties>
<Ambient r="0.792156862745098" g="0.81960784313725488" b="0.93333333333333335" a="1"/>
<Diffuse r="0.792156862745098" g="0.81960784313725488" b="0.93333333333333335" a="1"/>
<Specular r="0.396078431372549" g="0.40980392156862744" b="0.46666666666666667" a="1"/>
<Emissive r="0" g="0" b="0" a="1"/>
<Shininess>0.3125</Shininess>
</VisualProperties>
</Part>
<Part name="link1" uid="link1*:*Default" version="122">
<ModelUnits mass="kilogram" length="meter"/>
<PartFile name="link1.SLDPRT" type="SolidWorks Part"/>
<MassProperties>
<Mass>5.6511011814727796</Mass>
<CenterOfMass>0.037339734029646715 -0.0075874560441219598 0.1064458458827654</CenterOfMass>
<Inertia>0.031974799393116225 0.036443852284576334 0.033404286430371466 0.001778221280795931 -0.0093432240164906134 0.001657963084725809</Inertia>
</MassProperties>
<GeometryFile name="link1_Default_sldprt.STEP" type="STEP"/>
<VisualProperties>
<Ambient r="0.792156862745098" g="0.81960784313725488" b="0.93333333333333335" a="1"/>
<Diffuse r="0.792156862745098" g="0.81960784313725488" b="0.93333333333333335" a="1"/>
<Specular r="0.396078431372549" g="0.40980392156862744" b="0.46666666666666667" a="1"/>
<Emissive r="0" g="0" b="0" a="1"/>
<Shininess>0.3125</Shininess>
</VisualProperties>
</Part>
<Part name="link2" uid="link2*:*Default" version="152">
<ModelUnits mass="kilogram" length="meter"/>
<PartFile name="link2.SLDPRT" type="SolidWorks Part"/>
<MassProperties>
<Mass>4.6059325020721111</Mass>
<CenterOfMass>0.006194155416929365 0.061342249762850014 0.11462017529897837</CenterOfMass>
<Inertia>0.064584052132404618 0.068284389600815468 0.0099411120132106793 0.0019649861703529784 -0.00068149011804990978 -0.00018496551033441613</Inertia>
</MassProperties>
<GeometryFile name="link2_Default_sldprt.STEP" type="STEP"/>
<VisualProperties>
<Ambient r="0.792156862745098" g="0.81960784313725488" b="0.93333333333333335" a="1"/>
<Diffuse r="0.792156862745098" g="0.81960784313725488" b="0.93333333333333335" a="1"/>
<Specular r="0.396078431372549" g="0.40980392156862744" b="0.46666666666666667" a="1"/>
<Emissive r="0" g="0" b="0" a="1"/>
<Shininess>0.3125</Shininess>
</VisualProperties>
</Part>
<Part name="link3" uid="link3*:*Default" version="132">
<ModelUnits mass="kilogram" length="meter"/>
<PartFile name="link3.SLDPRT" type="SolidWorks Part"/>
<MassProperties>
<Mass>4.2963091975689274</Mass>
<CenterOfMass>-0.0054573748788888298 0.056131216927730057 0.04524804927505989</CenterOfMass>
<Inertia>0.019722608335994197 0.02404592998237658 0.017303292696216624 0.0006268415927318154 0.00064012953825020799 -8.5585247415488665e-05</Inertia>
</MassProperties>
<GeometryFile name="link3_Default_sldprt.STEP" type="STEP"/>
<VisualProperties>
<Ambient r="0.792156862745098" g="0.81960784313725488" b="0.93333333333333335" a="1"/>
<Diffuse r="0.792156862745098" g="0.81960784313725488" b="0.93333333333333335" a="1"/>
<Specular r="0.396078431372549" g="0.40980392156862744" b="0.46666666666666667" a="1"/>
<Emissive r="0" g="0" b="0" a="1"/>
<Shininess>0.3125</Shininess>
</VisualProperties>
</Part>
<Part name="link4" uid="link4*:*Default" version="133">
<ModelUnits mass="kilogram" length="meter"/>
<PartFile name="link4.SLDPRT" type="SolidWorks Part"/>
<MassProperties>
<Mass>1.9150645224068772</Mass>
<CenterOfMass>-0.10676717551597661 -0.0051715203062172067 -0.00062453049140863512</CenterOfMass>
<Inertia>0.0037069638249981893 0.0081129354384859957 0.0089759729568765836 -4.0608107454307006e-06 4.1529238480433455e-05 -0.00023791556889258398</Inertia>
</MassProperties>
<GeometryFile name="link4_Default_sldprt.STEP" type="STEP"/>
<VisualProperties>
<Ambient r="0.792156862745098" g="0.81960784313725488" b="0.93333333333333335" a="1"/>
<Diffuse r="0.792156862745098" g="0.81960784313725488" b="0.93333333333333335" a="1"/>
<Specular r="0.396078431372549" g="0.40980392156862744" b="0.46666666666666667" a="1"/>
<Emissive r="0" g="0" b="0" a="1"/>
<Shininess>0.3125</Shininess>
</VisualProperties>
</Part>
<Part name="link5_test1" uid="link5_test1*:*Default" version="162">
<ModelUnits mass="kilogram" length="meter"/>
<PartFile name="link5_test1.SLDPRT" type="SolidWorks Part"/>
<MassProperties>
<Mass>0.3399322386177166</Mass>
<CenterOfMass>0.0062451612922598222 0.019498498334778073 1.5046858100245731e-09</CenterOfMass>
<Inertia>0.00022728380187483804 0.00034182087412146467 0.00029226279038174828 -1.7907219333291076e-11 -1.192102415024029e-11 1.0571009012494664e-06</Inertia>
</MassProperties>
<GeometryFile name="link5_test1_Default_sldprt.STEP" type="STEP"/>
<VisualProperties>
<Ambient r="0.792156862745098" g="0.81960784313725488" b="0.93333333333333335" a="1"/>
<Diffuse r="0.792156862745098" g="0.81960784313725488" b="0.93333333333333335" a="1"/>
<Specular r="0.396078431372549" g="0.40980392156862744" b="0.46666666666666667" a="1"/>
<Emissive r="0" g="0" b="0" a="1"/>
<Shininess>0.3125</Shininess>
</VisualProperties>
</Part>
<Part name="link5_test2" uid="link5_test2*:*Default" version="164">
<ModelUnits mass="kilogram" length="meter"/>
<PartFile name="link5_test2.SLDPRT" type="SolidWorks Part"/>
<MassProperties>
<Mass>0.071394208047483101</Mass>
<CenterOfMass>0.011263087996781714 -1.0045962534312026e-05 -5.5564967965912162e-06</CenterOfMass>
<Inertia>3.4185904423836603e-05 2.063466883035435e-05 2.0560891515950174e-05 -1.129995472882327e-08 -2.4017313648615336e-09 3.8164622284001098e-08</Inertia>
</MassProperties>
<GeometryFile name="link5_test2_Default_sldprt.STEP" type="STEP"/>
<VisualProperties>
<Ambient r="0.792156862745098" g="0.81960784313725488" b="0.93333333333333335" a="1"/>
<Diffuse r="0.792156862745098" g="0.81960784313725488" b="0.93333333333333335" a="1"/>
<Specular r="0.396078431372549" g="0.40980392156862744" b="0.46666666666666667" a="1"/>
<Emissive r="0" g="0" b="0" a="1"/>
<Shininess>0.3125</Shininess>
</VisualProperties>
</Part>
</Parts>
</SimscapeMultibodyImportXML>
