% a1=0.75; a2=2.70; a3=0.90; d1=3.35; d4=2.95; d7=0.80;
% m0 = 7.2407; m1 = 5.6511; m2 = 4.6061; m3 = 4.2963; m4 = 1.9151; m5 = 0.3399; m6 = 0.0714;
% g = 9.80665;
% x1 = Pic(1,1); y1 = Pic(1,2); z1 = Pic(1,3);
% x2 = Pic(2,1); y2 = Pic(2,2); z2 = Pic(2,3);
% x3 = Pic(3,1); y3 = Pic(3,2); z3 = Pic(3,3);
% x4 = Pic(4,1); y4 = Pic(4,2); z4 = Pic(4,3);
% x5 = Pic(5,1); y5 = Pic(5,2); z5 = Pic(5,3);
% x6 = Pic(6,1); y6 = Pic(6,2); z6 = Pic(6,3);
% 
% I1xx = I1(1,1); I1xy = I1(1,2); I1xz = I1(1,3);
% I1yx = I1(2,1); I1yy = I1(2,2); I1yz = I1(2,3);
% I1zx = I1(3,1); I1zy = I1(3,2); I1zz = I1(3,3);
% 
% I2xx = I2(1,1); I2xy = I2(1,2); I2xz = I2(1,3);
% I2yx = I2(2,1); I2yy = I2(2,2); I2yz = I2(2,3);
% I2zx = I2(3,1); I2zy = I2(3,2); I2zz = I2(3,3);
% 
% I3xx = I3(1,1); I3xy = I3(1,2); I3xz = I3(1,3);
% I3yx = I3(2,1); I3yy = I3(2,2); I3yz = I3(2,3);
% I3zx = I3(3,1); I3zy = I3(3,2); I3zz = I3(3,3);
% 
% I4xx = I4(1,1); I4xy = I4(1,2); I4xz = I4(1,3);
% I4yx = I4(2,1); I4yy = I4(2,2); I4yz = I4(2,3);
% I4zx = I4(3,1); I4zy = I4(3,2); I4zz = I4(3,3);
% 
% I5xx = I5(1,1); I5xy = I5(1,2); I5xz = I5(1,3);
% I5yx = I5(2,1); I5yy = I5(2,2); I5yz = I5(2,3);
% I5zx = I5(3,1); I5zy = I5(3,2); I5zz = I5(3,3);
% 
% I6xx = I6(1,1); I6xy = I6(1,2); I6xz = I6(1,3);
% I6yx = I6(2,1); I6yy = I6(2,2); I6yz = I6(2,3);
% I6zx = I6(3,1); I6zy = I6(3,2); I6zz = I6(3,3);
Pic = [0.0373,  -0.0076,   0.1064;
       0.1127,   0.0065,   0.0648;
       0.0447,   0.0125,  -0.0554;
       0.0006,   0.0052,   0.1068;
            0,   0.0062,   0.0195;
     -0.00001,  0.00001,  0.01126];
I0 = [ 0.0413,  -0.0004,   0.0032;
      -0.0004,    0.055,        0;
       0.0032,        0,    0.049];
I1 = [ 0.0320,  -0.0017,   0.0093;
      -0.0017,   0.0364,  -0.0018;
       0.0093,  -0.0018,   0.0334];
% I2 = [0.0646,   0.0002,   0.0007;
%       0.0002   ,0.0683,   -0.002;
%       0.0007,   -0.002,   0.0099];
I2 = [ 0.0099,   0.0008,  -0.0002;
       0.0008,   0.0646,   0.0002;
      -0.0002,   0.0002,   0.0684];
% I3 = [0.0197,   0.0001,  -0.0006;
%       0.0001,    0.024,  -0.0006;
%      -0.0006,  -0.0006,   0.0173];
I3 = [ 0.0176,    0.001,   0.0007;
        0.001,   0.0195,   0.0002;
       0.0007,   0.0002,    0.024];
% I4 = [0.0037,   0.0002,        0;
%       0.0002,   0.0081,        0;
%            0,        0,    0.009];
I4 = [  0.009,        0,        0;
            0,   0.0081,   0.0002;
            0,   0.0002,   0.0037]; 
% I5 = [0.0002,        0,        0;
%            0,   0.0003,        0;
%            0,        0,   0.0003];
I5 = [ 0.0003,        0,        0;
            0,   0.0002,        0;
            0,        0,   0.0003];       
I6 = [ 0.00002,        0,        0;
             0,  0.00002,        0;
             0,        0,  0.00003];